%YAML:1.0 # need to specify the file type at the top!

cam0:
  T_cam_imu:
    - [-0.03179778293757218, -0.9994933985910031, -0.001359107523862424, 0.021115239798621798]
    - [0.012827844120885779, 0.0009515801497960164, -0.9999172670328424, -0.0008992998316121829]
    - [0.9994120008362244, -0.03181258663210035, 0.012791087377928778, -0.009491094814035777]
    - [0.0, 0.0, 0.0, 1.0]
  cam_overlaps: [1]
  camera_model: pinhole
  distortion_coeffs: [-0.005719912631104124, 0.004742449009601135, 0.0012060658036136048,
                      -0.001580292679344826]
  distortion_model: equidistant
  intrinsics: [277.4786896484645, 277.42548548840034, 320.1052053576385, 242.10083077857894]
  resolution: [640, 480]
  rostopic: /snappy_cam/stereo_l
  timeshift_cam_imu: -0.007999243205055177
    #timeshift_cam_imu: 0.0
